<?xml version="1.0"?>
<opencv_storage>
<calibration_Time>"Wed May  3 13:59:17 2017"</calibration_Time>
<nrOfFrames>11</nrOfFrames>
<image_Width>1280</image_Width>
<image_Height>852</image_Height>
<board_Width>9</board_Width>
<board_Height>6</board_Height>
<square_Size>50.</square_Size>
<FixAspectRatio>1.</FixAspectRatio>
<!-- flags:  +fix_aspectRatio +fix_principal_point +zero_tangent_dist -->
<flagValue>14</flagValue>
<Camera_Matrix type_id="opencv-matrix">
  <rows>3</rows>
  <cols>3</cols>
  <dt>d</dt>
  <data>
    1.1604687468751836e+03 0. 640. 0. 1.1604687468751836e+03 426. 0. 0.
    1.</data></Camera_Matrix>
<Distortion_Coefficients type_id="opencv-matrix">
  <rows>5</rows>
  <cols>1</cols>
  <dt>d</dt>
  <data>
    -1.3906801849944408e-01 1.8194213754829054e+00 0. 0.
    -8.3069705607294129e+00</data></Distortion_Coefficients>
<Avg_Reprojection_Error>1.1071422351047424e+00</Avg_Reprojection_Error>
<Per_View_Reprojection_Errors type_id="opencv-matrix">
  <rows>11</rows>
  <cols>1</cols>
  <dt>f</dt>
  <data>
    1.20313931e+00 1.10951149e+00 1.05014050e+00 1.00561714e+00
    1.40074813e+00 1.15719938e+00 1.04175675e+00 6.33930624e-01
    9.89260554e-01 1.32589114e+00 1.07973504e+00</data></Per_View_Reprojection_Errors>
<!-- a set of 6-tuples (rotation vector + translation vector) for each view -->
<Extrinsic_Parameters type_id="opencv-matrix">
  <rows>11</rows>
  <cols>6</cols>
  <dt>d</dt>
  <data>
    6.5077073863799892e-02 -3.4650335492297768e-01
    -1.4350665368368173e-01 -1.4602230032592942e+02
    -5.0076289980933836e+01 8.3657135285571621e+02
    -2.3238462782176431e-01 1.2050368102813176e-01
    -1.9387511570898318e-02 -1.2865264969604661e+02
    -1.1739617566501177e+02 1.0619549977966401e+03
    1.7521761651208452e-02 6.9422100448554269e-01 8.0619546257837231e-04
    -7.5781904457331905e+01 -1.6538485359412888e+02
    1.0611620964468029e+03 1.0154144391508360e-01 1.3158441017244113e-01
    -4.0263730460275374e-03 -1.2325235739259342e+02
    -1.1078358157343686e+02 9.5095874246972653e+02
    -2.3332970524014698e-02 -3.8558790430292600e-01
    -9.9328755170246114e-02 -1.5234087558957268e+02
    -1.2363323213392567e+02 8.6566049313045539e+02
    1.4806108200507842e-01 3.8487082991874660e-01 1.5880630437434519e-02
    -1.2428368576333617e+02 -1.1241452508319172e+02
    9.5656712284171715e+02 -6.7512083463742323e-01
    2.8617098843296385e-01 3.4850994724147579e-04
    -8.3227737030320554e+01 1.4177351296704581e+01
    1.2430521901941177e+03 7.4434310773744447e-02
    -8.3494000595099122e-02 -1.7987018309829736e-03
    -1.4240427285165660e+02 -1.2670247752767868e+02
    8.9032870302950198e+02 -1.9049658718065701e-02
    4.2905080756637087e-01 9.8359394842042688e-02
    -1.0555675370938759e+02 -1.8737238524263802e+02
    1.1057540355491008e+03 4.4647767927664878e-01 1.7752807639465079e-01
    -9.1501289832939842e-02 -1.6281893109117391e+02
    -5.4924847428309334e+01 7.2751038417177631e+02
    -3.1881309635415561e-01 9.0895081076164408e-01
    -9.7025923660092911e-02 8.2266483979247162e+00
    -5.5148840753738867e+01 1.1002251673743556e+03</data></Extrinsic_Parameters>
<Image_points type_id="opencv-matrix">
  <rows>11</rows>
  <cols>54</cols>
  <dt>"2f"</dt>
  <data>
    4.36145264e+02 3.56031586e+02 5.02762054e+02 3.47351349e+02
    5.67630188e+02 3.38586456e+02 6.30150024e+02 3.31374786e+02
    6.90616272e+02 3.22370209e+02 7.47902710e+02 3.14950806e+02
    8.04386780e+02 3.07823151e+02 8.58383240e+02 3.00033081e+02
    9.11048035e+02 2.93333649e+02 4.46995270e+02 4.24485718e+02
    5.13490173e+02 4.14665405e+02 5.77459106e+02 4.05043213e+02
    6.39168579e+02 3.96345642e+02 6.98754578e+02 3.85856110e+02
    7.56680115e+02 3.77490448e+02 8.12808472e+02 3.68705841e+02
    8.66007202e+02 3.60496216e+02 9.17080261e+02 3.53524750e+02
    4.58146454e+02 4.92505096e+02 5.23961609e+02 4.80760956e+02
    5.86739685e+02 4.70359772e+02 6.48924072e+02 4.60080872e+02
    7.07228516e+02 4.50349091e+02 7.64193726e+02 4.40481293e+02
    8.19159912e+02 4.30375885e+02 8.71890015e+02 4.20785553e+02
    9.23489868e+02 4.12436066e+02 4.68531403e+02 5.59891113e+02
    5.33450867e+02 5.46973022e+02 5.95902771e+02 5.34791687e+02
    6.56977478e+02 5.23048767e+02 7.15511292e+02 5.12273804e+02
    7.71246948e+02 5.01653992e+02 8.25644226e+02 4.91300446e+02
    8.78439087e+02 4.80972504e+02 9.28585632e+02 4.71496155e+02
    4.79025421e+02 6.25412903e+02 5.42748413e+02 6.11472412e+02
    6.05497742e+02 5.98322632e+02 6.65328247e+02 5.85550476e+02
    7.23584473e+02 5.73745789e+02 7.78888184e+02 5.61982666e+02
    8.32486267e+02 5.50650269e+02 8.83810791e+02 5.39456238e+02
    9.33745361e+02 5.28716492e+02 4.88775970e+02 6.90087036e+02
    5.52290588e+02 6.74979675e+02 6.14314514e+02 6.60973022e+02
    6.73707886e+02 6.48029236e+02 7.31197205e+02 6.34544800e+02
    7.86178101e+02 6.21498291e+02 8.38585876e+02 6.09039185e+02
    8.89523254e+02 5.96411743e+02 9.37926086e+02 5.84979980e+02
    4.98043915e+02 2.98344482e+02 5.51972656e+02 2.96815186e+02
    6.07300415e+02 2.93458740e+02 6.62436584e+02 2.90713654e+02
    7.18399719e+02 2.87536530e+02 7.74889893e+02 2.85414185e+02
    8.32309753e+02 2.83017792e+02 8.89697876e+02 2.79488007e+02
    9.47337341e+02 2.77513641e+02 4.97355347e+02 3.51484711e+02
    5.51557556e+02 3.48786804e+02 6.07110413e+02 3.45499878e+02
    6.63301636e+02 3.43489044e+02 7.19468933e+02 3.41408508e+02
    7.76500427e+02 3.39417267e+02 8.34543274e+02 3.36262878e+02
    8.91590576e+02 3.33463623e+02 9.51057739e+02 3.31481659e+02
    4.95548676e+02 4.03903656e+02 5.51462585e+02 4.01521423e+02
    6.07235596e+02 3.99490265e+02 6.63602417e+02 3.97584595e+02
    7.20587341e+02 3.95768158e+02 7.78064880e+02 3.93483093e+02
    8.35589294e+02 3.91378235e+02 8.94949402e+02 3.89551270e+02
    9.53958191e+02 3.87546143e+02 4.95438293e+02 4.59084198e+02
    5.50597656e+02 4.57145020e+02 6.07355957e+02 4.55346771e+02
    6.64197876e+02 4.53138885e+02 7.21513977e+02 4.51457275e+02
    7.79584656e+02 4.49916931e+02 8.38157227e+02 4.47794983e+02
    8.97347412e+02 4.46170288e+02 9.57534607e+02 4.44547363e+02
    4.94820740e+02 5.14260315e+02 5.50182678e+02 5.12951843e+02
    6.07491272e+02 5.11199066e+02 6.65152893e+02 5.09516815e+02
    7.23368896e+02 5.07573212e+02 7.81498657e+02 5.07191315e+02
    8.40530823e+02 5.05500214e+02 9.00472839e+02 5.03404694e+02
    9.59577881e+02 5.02717682e+02 4.93537323e+02 5.71326782e+02
    5.49752136e+02 5.69488647e+02 6.07506714e+02 5.68208984e+02
    6.65511169e+02 5.66333130e+02 7.24319702e+02 5.65316345e+02
    7.82869141e+02 5.63856506e+02 8.43129211e+02 5.62750793e+02
    9.02326965e+02 5.61466187e+02 9.63513550e+02 5.61361267e+02
    5.57452881e+02 2.44185791e+02 5.97646484e+02 2.39514267e+02
    6.41606628e+02 2.33336853e+02 6.87567993e+02 2.28181015e+02
    7.37424866e+02 2.21599503e+02 7.90016907e+02 2.14759323e+02
    8.47521729e+02 2.07996475e+02 9.07940186e+02 1.99464783e+02
    9.73752014e+02 1.91762451e+02 5.57443359e+02 2.99506958e+02
    5.97566345e+02 2.97184723e+02 6.40889771e+02 2.93200409e+02
    6.87510681e+02 2.88482208e+02 7.37268250e+02 2.85368835e+02
    7.89659119e+02 2.79836487e+02 8.46482239e+02 2.75659729e+02
    9.07338135e+02 2.70079132e+02 9.72780640e+02 2.65440887e+02
    5.57467346e+02 3.55101379e+02 5.97709106e+02 3.53467743e+02
    6.41498779e+02 3.51579590e+02 6.87539856e+02 3.49539490e+02
    7.37386658e+02 3.47167053e+02 7.89486206e+02 3.44548737e+02
    8.46323975e+02 3.41656006e+02 9.06534729e+02 3.39717896e+02
    9.71769592e+02 3.37190735e+02 5.57574585e+02 4.09644745e+02
    5.98573486e+02 4.09600189e+02 6.41580139e+02 4.09526001e+02
    6.87707397e+02 4.09399536e+02 7.37503540e+02 4.09409302e+02
    7.89602173e+02 4.09248993e+02 8.46399780e+02 4.08664642e+02
    9.06478638e+02 4.08516327e+02 9.71512695e+02 4.08000763e+02
    5.59241028e+02 4.64304810e+02 5.99540588e+02 4.65509125e+02
    6.42596558e+02 4.67447388e+02 6.88562622e+02 4.69319885e+02
